,frame,x,y,corner_x,corner_y,bbox_width,bbox_height,angle,width,height
0,0.0,703.145579818205,337.72348671780907,608.8839934330352,304.1479530082181,190.27370225262553,66.0500667703003,1.530021134296704,193.32460408809794,4.81496299259852
1,0.0,323.8266606044649,977.4971424838029,226.34815308601065,953.4690525641033,196.46265481212498,47.82151218732781,0.711097888212939,195.710769613434,19.384076815363073
2,0.0,703.4909012854766,1126.3173509095996,606.1405922523526,1100.5941347435157,187.9751675155511,54.18453564647666,1.4629700580666543,167.0955503167335,17.399879975995198
3,0.0,1412.42446475688,1233.3136666790035,1338.9072580605416,1203.1771123419621,154.15813558162904,58.11646637222589,0.6823025194036999,150.20932507955274,0.10962192438487697
4,0.0,670.5689221606816,1593.483754783295,583.4114683789192,1582.2343080191424,174.8755813469205,22.35880760498867,0.7030619397330012,166.81255535928457,0.16163232646529305
5,0.0,1830.9158362772637,746.1301456100095,1749.6208771918882,730.2602518775954,162.2958307633778,31.116813643291835,0.6385560436207386,158.56059141542391,1.3202640528105622
6,0.0,1684.7468800332622,1402.5678546653223,1576.3410350002082,1373.508146007831,218.71722479514233,57.877729850662945,0.5556329042683722,198.15475855896318,10.49629925985197
7,0.0,1432.4209499856806,975.2614711669381,1336.6397049891887,963.738642263858,190.6690201234842,23.302121059331967,1.0484212901995782,180.94598005781918,14.19623924784957
8,0.0,412.6853818958844,1885.9396371907749,330.556197362431,1862.8913908381323,163.42031430091424,46.49632212319557,0.24021422728988814,188.03884304171845,2.0920184036807363
9,0.0,994.7988085528291,475.4637624787443,895.073289771452,440.5901606688203,202.68871459039383,72.35915906162165,-0.3963061674132358,207.09948127599694,24.617923584716944
10,0.0,1452.8127736365193,763.0219447736201,1339.9819197604863,712.9111387188818,213.49704450697118,106.24214572986193,4.03674319428348,249.45961403605605,6.734546909381876
11,0.0,747.457816983309,1229.3175518958108,659.7946470939227,1212.7599191423812,177.57680004979886,32.10386145062307,1.1139700109959874,168.6879379980983,10.502700540108021
12,0.0,1537.487485571823,743.4392447854005,1454.0292330403265,724.7914245198303,166.6404917369482,37.3660378866025,1.180085137660243,176.50388829050988,33.375075015003
13,0.0,568.1638028932383,1899.1413525276846,483.2253203900404,1889.9685162908595,167.89469366109796,18.973920388416445,0.7283104800047353,162.10957375902996,12.585717143428685
14,0.0,1412.7722499369636,1576.757595495831,1318.147307988666,1561.1503940593025,190.4106908639128,30.84102235463024,0.8905146956087554,179.64370865534306,2.463892778555711
15,0.0,1668.4405854793922,1728.580898258486,1602.8870996643561,1711.978919551431,144.80575292930143,31.218586397825902,1.047017280489374,155.9864780832893,4.418683736747349
16,0.0,675.8119572489022,1622.752392139149,594.2391709134516,1604.3929902009627,155.0000745553565,36.82985631573865,0.6689025318278943,157.80312048480883,7.286257251450291
17,0.0,343.4032426052814,1535.8190222301278,254.36628131282768,1516.8320955791517,175.61367851514152,38.9520482582725,0.7538148082655827,197.21673303722935,15.62632526505301
18,0.0,1661.622310083863,258.6804787641844,1574.9112299250064,250.3656025059117,173.60179488411381,16.873183261710807,0.8842408326873721,169.39666175672963,1.9395879175835167
19,0.0,1082.7904191638042,1566.4660607320886,1001.2225304725513,1542.637307146064,172.62295083591482,49.69388404980987,-0.5880218942223995,158.80570913093283,1.8321664332866574
20,0.0,521.5225943313039,123.15181748574497,439.752744654636,112.9505516440765,152.42489142507338,21.497867008862883,1.0622532478054005,155.4722244379699,6.788557711542308
21,0.0,177.1647666827048,1930.1696891690822,92.56788152342948,1923.9212708013913,163.02690625556738,13.008456974393084,0.4110263854106419,162.31849151810374,14.170834166833366
22,0.0,718.1122952840832,1550.782056253987,621.2996429231505,1514.2230861161688,194.06086735178235,72.56546479770282,0.03688686792752918,198.2557787836091,22.89617923584717
23,0.0,1226.56874767552,1336.8530525352994,1138.2070422920676,1326.5896143282687,175.55051169049034,20.925528264596778,0.7066571673285749,168.98559325802512,13.702740548109622
24,0.0,1333.1223956829945,281.25365124938554,1246.403465760368,272.6213593873299,171.0752057382001,17.924249456586722,0.7878888993849933,166.25981321865927,10.41988397679536
25,0.0,1071.3007483323927,786.4708968836519,992.9813334189769,765.9990987593266,155.9090828640883,42.10062867005354,1.1361926666245823,185.66751221064908,18.694138827765553
26,0.0,1006.6966116481468,1348.9862931442756,910.2048677696004,1337.598774284504,191.53774810660082,23.318615892243088,0.8152355298712719,183.0625128001247,12.466893378675735
27,0.0,1795.8988193934424,1786.3231150254232,1723.8896246077697,1777.564664189389,151.77539167917757,16.318422092557512,0.5872115909933281,155.62241210872372,7.411482296459291
28,0.0,1232.9582641597717,1513.1966324354373,1136.8527505037487,1491.0387984587076,192.38489924029977,45.84279581578335,0.902779769799054,190.08659017362606,32.81696339267854
29,0.0,621.2352678817131,1650.533112449723,527.278199448778,1633.4342542575755,188.01710125192176,33.852230209436584,0.8581521991537371,183.29614356539892,31.32986597319464
30,0.0,463.882549888506,488.84464129746556,365.5203306487394,477.75699075372063,182.13539690040562,24.30911746507695,0.9024306425455855,172.61338466441057,15.707141428285656
31,0.0,412.1766837057302,980.1098243184098,322.26100605514233,939.5354009935082,171.65750510039362,78.84036785112698,-2.3079834281536518,170.17022689043745,24.842568513702737
32,0.0,670.6768062514408,1217.7169978049578,594.2527465348662,1192.1838163039642,153.15158367237598,49.768140699054356,1.1720602722865598,147.05534596607458,6.938987797559512
33,0.0,1113.9090613833396,592.5271351751039,1032.3142169353305,578.7045864958221,163.0142805724322,27.198724625900013,0.9754990923755077,158.63630266454794,9.83876775355071
34,0.0,963.2717437065452,999.2925731192464,866.6166087788114,977.9827403992695,190.7907736763949,43.470791150907075,0.6622923525637476,192.87765343360712,10.998399679935988
35,0.0,1058.602932102655,1063.2478425738327,970.6533787014378,1045.6842241383397,173.5273473649761,35.168500593468025,0.5715853524633824,165.23245909654764,15.279055811162232
36,0.0,1750.5163760025987,1672.5345223714096,1663.9168874387883,1664.575169159456,176.99375725660389,15.287889193920364,0.5657978367446191,174.55251315582737,13.839567913582718
37,0.0,1407.7499413421929,1284.1632869611599,1314.6885370163081,1265.029218931379,187.14062444688602,37.29295054747695,0.46611217367103486,195.46286147296337,35.50310062012402
38,0.0,198.41667252399125,677.4217294165707,110.30392741380692,652.752530872974,163.5439210773275,48.577519752695935,0.013982114064650242,156.51180988123997,19.536707341468293
39,0.0,639.6686492794171,1410.5931976783183,543.9565894174905,1400.517605555664,188.3268315973836,20.78037556033405,0.7043522059042222,181.0751555393346,18.64372874574915
40,0.0,575.0867478598499,396.176941543816,483.9114100929674,379.4260475377693,179.02111062414446,35.02697988806989,1.0625144021601953,192.7948230550722,25.335867173434686
41,0.0,652.6966907569774,1394.3781699775404,559.034287425365,1374.0756028949402,187.65627033609678,40.837856305377954,0.6202224437432772,189.6921695467487,0.28565713142628524
42,0.0,915.1441251937285,601.4355331169733,828.4427533263836,580.4649706483264,180.1687428862648,47.57614417266268,-1.5494005137022773,170.86043628536464,30.409881976395276
43,0.0,623.606962664947,823.5653001905943,531.4991153196355,803.5084482193522,184.16462507194672,39.14189192083495,1.173640426046124,173.70133406500105,12.581316263252651
44,0.0,1463.365858616808,377.14752717840133,1374.7543036001437,360.9739692380545,177.8147012508948,31.823508819657377,0.8678144114892423,187.18974834515794,14.521704340868173
45,0.0,1032.1385238234323,698.0375207247477,931.0584102211739,670.5702524156691,203.10106757279152,57.36964008452924,-0.004530821311344338,203.04955008155747,0.5169033806761352
46,0.0,1790.9347947483404,1217.830241578895,1712.0644155983962,1197.0721829886809,166.37564612997176,37.533887099233425,1.7888043957197646,161.94157262966698,10.511702340468094
47,0.0,1505.1155878967704,1016.004930571949,1418.6946585804665,990.1666467715473,177.80424543889785,51.061036200372314,0.16074143290900295,199.3239689475946,22.598519703940788
48,0.0,730.952245963066,1001.5513764697972,653.96715215432,967.3815157455186,156.29038010016018,66.26906301483803,1.3207625960953575,148.3852196091951,17.98359671934387
49,0.0,953.7866388650326,805.9232914957785,866.5161815244581,777.6927510484394,168.5820704661345,55.370721728502986,0.8196002473900575,156.27154078896496,8.209641928385677
50,0.0,1024.389594236104,1048.3043847780905,936.452558073022,1027.0879061642827,178.18608834844292,41.6270925913027,0.6645432871264538,186.17339930906513,22.612522504500898
51,0.0,858.0233197229616,1476.0045720361497,769.7808087118635,1462.4619800481516,170.704931447528,27.726744809104048,0.649335716391844,162.16971448240935,2.6541308261652334
52,0.0,1627.2749230578693,246.68244684069546,1545.6251961814655,236.31649420784206,166.58126683297155,19.50986601138237,1.0729855941220032,162.23210476346097,22.40728145629126
53,0.0,902.2300577241322,383.6607695293456,817.9763545897616,355.27405511933284,169.01582538465902,57.40878571037376,0.09477693232150824,186.19476900242276,0.5985197039407881
54,0.0,1304.4788893915427,984.8253903215414,1223.0326462363794,961.8185068709906,163.59092461547152,43.010068082493945,0.7572657537939602,156.934667741837,13.959591918383676
55,0.0,1140.1043321919012,763.2481593168926,1059.2088289068736,740.806518871555,165.83843454832027,43.62001811180471,2.0257094151053745,197.872134813793,21.97219443888778
56,0.0,185.02757996326912,1311.1883442975911,112.41916608020779,1297.9263787269585,141.4758164338879,26.85594085354819,0.6822260240729344,151.72084862500796,4.940588117623525
57,0.0,1783.9098232663127,319.2234036072799,1700.8591290865452,302.9232196201428,171.8953794623701,31.305187109758094,0.9441282705192177,184.42289755711306,16.45349069813963
58,0.0,1002.9305332679585,117.55912226304632,937.453279899918,105.14345054384401,130.46730574013304,25.620992537749856,0.9011337751445614,144.96504304129323,2.267653530706141
59,0.0,508.61089836149597,510.09907788698956,419.82366354797296,497.96104967530226,180.77710584434737,23.1232240929632,1.229121284460576,171.3497188265725,10.034206841368274
60,0.0,1134.364845941339,1061.247491651295,1046.274521401508,1050.0116142004467,177.02115177160022,22.144067601315328,0.835209331211715,169.15544830298978,15.092418483696738
61,0.0,683.2368713748998,1896.0013068531644,589.550960068807,1883.908515828528,186.39115339398643,24.452915753759044,0.39026979015838853,177.7967877854328,21.324264852970593
62,0.0,1455.2627655806896,1276.6053785520592,1373.6699575622263,1252.0510842020356,163.50393500680275,48.764005934661554,0.608985418036917,150.86664185051546,14.887377475495098
63,0.0,917.6857449260066,1587.3838867862378,827.8707483689575,1556.8335255449058,180.35963800350453,60.15044399543194,-0.2663072276076626,201.13913485456428,8.730946189237848
64,0.0,360.8488621516532,913.6099200202855,272.72135834215857,886.0945510868133,178.47635702949572,54.041234955863274,1.6791263175040838,206.21931200717844,13.701740348069613
65,0.0,605.4830337367689,691.8481047603365,511.9047823509717,681.2096289469292,186.46303432711795,20.83164684521614,0.9600434830942474,179.15295551848038,3.9007801560312063
66,0.0,739.2149856429127,1756.014131916133,647.4647795026503,1745.5902054066287,182.0531506717076,20.961576479191535,0.46605295111492506,174.9522477657298,18.68373674734947
67,0.0,1073.364947032331,490.6818017279577,988.2141397255908,471.5372964388689,173.6248723175387,36.45717373730065,1.0063468747757491,186.34645612660438,8.327665533106622
68,0.0,741.5482262290006,1416.4622968381575,647.9247724685646,1387.9795089264549,194.4889917924968,55.45763594019013,0.19246085107479186,185.05881402619065,10.451090218043609
69,0.0,649.7128843694318,1688.6023231056035,569.1275059220645,1665.9612119568133,159.7237623838298,45.23109297266478,1.2815512977731647,188.25104158668728,5.70114022804561
70,0.0,560.927560738822,1020.081186996602,458.87560513264884,1004.6179376370435,199.45935131687577,31.279564335291752,0.4350598089296627,193.86750136194343,21.300260052010405
71,0.0,330.313319368875,1172.4374674265061,228.5510381942714,1158.0251723785739,196.56269444633008,29.716613989307234,0.5135915997306313,181.21399664563864,1.5339067813562712
72,0.0,686.3446307017934,1397.9012948819209,581.7910771147867,1372.8112822592875,209.85372747458598,48.42371201368246,1.15276935276811,198.30820548187464,6.017203440688138
73,0.0,1517.4313082739018,711.5253632020446,1435.9499749152221,695.8475158414077,160.16850577445803,30.895686025988084,0.49090852315557093,159.63213767832323,0.7261452290458092
74,0.0,770.0254369317512,1049.6483348719564,675.8111247223604,1018.1148751971991,191.47403675094097,62.62799709007163,0.1750469265243474,206.74078107330152,2.3410682136427288
75,0.0,1039.6777261344848,1537.829485418691,945.1865798433375,1511.238903559846,194.84127069560395,50.69796011360245,1.3635824831155203,164.6311812751928,7.9221844368873775
76,0.0,879.0999291527686,1681.7793593109093,792.9021091932091,1653.837173139744,175.38758754598894,55.73396400785305,-0.007837198188348432,189.5082529613928,19.92998599719944
77,0.0,1077.618049893769,400.8940002718112,996.2890087619313,390.6065016602159,165.58643254704828,19.78238337050584,0.6373392183040538,161.53879966631288,17.981996399279854
78,0.0,710.9055111328619,830.4140053210997,612.0949256539238,804.3828248632971,198.4122873708759,51.93348054017338,0.564932359556935,180.02829821295722,11.766153230646129
79,0.0,296.776422444617,613.6214051509241,201.44760195637684,599.889307126531,190.37914843553062,27.151230417076704,0.5775539533595272,185.0798061249616,12.478695739147831
80,0.0,755.6161743382348,1531.6489540737473,663.0912571621807,1517.6231474916617,184.19658449369206,27.77857194985927,0.30962204867200965,183.79539775695082,19.435087017403482
81,0.0,1310.9602337090057,1760.0708731024895,1233.280165107112,1749.9654026669402,154.41581896951288,19.959274822014777,0.49373352174339896,151.25592842510358,7.802760552110422
82,0.0,810.494310128239,697.9879002781913,708.8308023639195,677.4419237072223,203.75164827276546,40.80495190102749,1.1639427019224475,189.22590000248925,25.541108221644325
83,0.0,209.21801825360322,478.4073070960807,112.60524022862933,467.49007884507756,190.19925850029915,22.605555508047587,1.0138525116249957,183.80686128504652,5.325465093018604
84,0.0,502.64178911455866,731.0739415402131,407.50203408940575,714.3185387508122,188.07379666430967,34.160979564017566,0.5511464540157053,196.1541637391016,15.732746549309862
85,0.0,1615.5392338244342,703.595754776779,1526.736784332066,693.828852564569,178.84432416008394,19.167856896144485,0.8733600827750052,171.98988155018455,0.9017803560712142
86,0.0,341.90532095387243,212.33778691727173,248.2827133451407,199.65270089778144,183.98862376250256,26.033119796794296,0.8259951709628277,167.85245044760129,9.997999599919984
87,0.0,508.50316390377697,1793.2435497662823,418.46829573790615,1781.2310163843272,177.7257159536682,24.036810321642406,0.3562386890907127,167.11745326433334,10.899579915983198
88,0.0,1182.0788726415312,1530.8800877196027,1100.4107690911128,1517.3638655055925,167.99469167154848,25.126694944724477,0.6865829193967238,161.15216413531354,14.209241848369674
89,0.0,1026.6270595654626,1612.1286297282086,936.8997815754161,1600.311190433825,177.47532841058262,23.77282394326221,0.697598879407184,171.8138675986658,20.58351670334067
90,0.0,586.7093671346473,1548.6309864860375,490.46159612582096,1537.048052130861,189.76433623762534,23.633851467287514,0.6216801291966629,180.87109604181882,1.4486897379475896
91,0.0,1094.6555425584113,823.5931798449072,1006.9256736444561,795.4331563808007,174.15604149152705,57.22234242674983,1.512578311492243,204.60943553595146,26.19883976795359
92,0.0,1507.8648409354946,1643.8999626175053,1411.3763737023537,1632.6180069662507,191.02885590107644,22.72173718656427,0.5971626163244849,182.86824372543748,25.137827565513103
93,0.0,683.9677881385034,1057.0486106080111,585.9940359251799,1043.7578590827127,197.03132449759255,26.254629863515447,0.686565382608471,185.83841827332188,13.210242048409683
94,0.0,1272.4822802452118,1143.4731001029481,1175.9425610944631,1125.044855976748,192.75211573767024,36.702612547688204,0.5989805537088567,185.06284241858202,3.4046809361872374
95,0.0,994.0402392328157,1300.0715927666677,909.9875989139034,1294.3813234676563,167.54043167409168,11.050662485129124,0.6676998804931455,169.3143152475544,3.9967993598719747
96,0.0,911.9816945527937,1608.5632533381906,833.6401346429396,1579.142212203993,156.2849621096624,58.777600972995515,0.31973968816501674,147.11753244589983,4.795959191838367
97,0.0,1272.8270456381795,1607.5194636590388,1184.973545393623,1595.9254127133306,177.81907382647637,22.84235416384513,0.23968851354835002,168.96787589774502,13.303460692138428
98,0.0,329.14166601783734,652.7743035104158,230.77584818751845,642.1188184185429,194.50022841540076,21.8314748213578,0.7487332247336478,185.80303503886427,12.442488497699541
99,0.0,1184.9207349047697,1150.2364702787195,1103.1105963121984,1131.7473985410431,172.08019427057366,36.523747882709586,0.42239031984150016,163.40751777468006,2.9933986797359475
100,0.0,656.1762873695052,1508.8978336034925,558.1045793068857,1493.6859412314786,194.8501607466069,30.41105679503562,0.763689971993622,188.55636845742353,9.901980396079216
101,0.0,1513.3715104806504,633.0701545257313,1422.9996162522768,606.6491673150579,181.21449069690743,52.6925093469622,1.03989252828952,196.39035144768368,5.228245649129827
102,0.0,188.78518214187528,1416.9439067700594,97.07880926867678,1396.2523842819319,184.15698455364998,39.85728247189445,1.0650814965711248,173.79544192029215,22.30506101220244
103,0.0,1418.6445746706097,437.0151316361655,1344.8881099455773,414.8015048212738,152.85601267934248,44.75849911608958,1.1926335107563948,182.06847272685178,26.293258651730344
104,0.0,282.7930076830517,1616.3467907225836,185.94040879732083,1597.013352014501,191.31732909953567,39.65877015068054,0.4263071681448782,186.8682136221169,7.10502100420084
105,0.0,1372.43381211981,1479.9583478617142,1305.6547703304507,1465.169926934765,134.89033300894948,27.954178253465216,0.6941737426504339,147.9946154267335,21.44708941788358
106,0.0,177.12308292621594,1466.089090367654,82.09073909022776,1454.5348845037104,186.7678597408722,23.74139730928846,0.43021327021760114,182.98544465435387,13.495699139827966
107,0.0,664.7589351907407,842.0281378057807,557.8036927820424,817.6297302082903,211.0823919752237,49.372510717602154,0.10225220626462503,203.81926954302816,19.689337867573517
108,0.0,314.3817414870206,823.6469421215122,218.64062863381645,814.1780537229932,188.9037715201422,19.777513647229284,0.8533694366451402,182.3360905218542,4.567713542708542
109,0.0,1374.3067038491831,1202.4996059682712,1291.472452866755,1189.2055749715305,163.3096846520898,26.851778267660166,0.8799337079202219,162.99021259901693,8.14242848569714
110,0.0,997.683757648243,1104.889488662249,897.0418485281164,1078.7476001519415,199.43431618768295,52.80018805625673,0.6573336529102956,202.01448393613722,25.85077015403081
111,0.0,1611.989827927958,739.6999964364455,1521.2058916913538,728.2101324135981,178.5024532478251,23.5329023118353,0.8145025698436014,170.69035384827345,5.30506101220244
112,0.0,893.1039866542008,273.6335792354665,806.3972061663144,256.86596036985566,172.65272931843015,33.610716468135024,0.7447720049772927,176.67304526216327,3.0064012802560516
113,0.0,1338.8624308409353,396.18529659538046,1244.2195883072375,377.62116167779203,190.34611113787014,36.84866974101544,1.6579726158384611,186.4166903152291,37.243448689737946
114,0.0,1111.272606835164,846.0357337781446,1015.325547557755,833.5126660658597,190.34304807655508,25.660234657107367,0.9569806220692431,180.24206554816593,2.7305461092218444
115,0.0,1187.2701963870932,880.5974937344693,1101.4405026754482,849.2682051544961,174.42466317471371,61.54210246895764,-2.191091152341889,195.91019756629953,34.02680536107221
116,0.0,1556.6201100992275,1698.7069363611497,1473.9150894141276,1687.2644118685366,166.6635140298515,22.52058645504394,0.7992171868969224,160.7174558777564,4.384276855371074
117,0.0,973.0344875239454,1272.2238172193784,878.1022146306442,1244.0285215150448,189.46885162569276,56.20328115425741,0.6063654730149245,193.8612720106786,1.3502700540108021
118,0.0,1389.7495988782143,1881.7158902432957,1303.2772771132593,1854.9614555735247,173.29915758429797,60.24566120185318,1.8670730333141679,198.13765704065847,24.72894578915783
119,0.0,1291.574748871874,787.7142364385306,1209.333757931359,760.5848673616563,162.57959891640576,53.59262279563234,0.9898378228769014,155.90211325709265,21.390678135627123
120,0.0,291.0164832116768,1728.9398239655973,207.73260309539407,1719.6616392145177,159.00817934347864,19.314777472134665,0.5696893918140307,164.928436673091,0.8429685937187437
121,0.0,1188.6556627718358,876.9225224974758,1099.839306519883,846.1290864626301,177.68481086242696,61.12389216143447,0.5292063453592473,197.12457983008204,25.457091418283657
122,0.0,942.9183143150549,1591.4632237155886,864.5405968362751,1570.1254183445476,156.40578165116892,41.28999597967322,0.39154358368049624,156.07028239183757,4.6089217843568715
123,0.0,1044.7762427988096,1800.3250200000502,966.2746454547946,1780.5957167318213,164.2685618840767,38.224152157649996,1.0352354695288917,155.44631262717576,11.889577915583116
124,0.0,543.5119685271351,314.28907968185655,468.91408164188795,301.13259649298385,146.95838236703617,26.211712905604827,0.85812863719596,155.51511615132392,10.397079415883177
125,0.0,461.33971973553344,531.4003525877789,365.852888492282,519.1324792752985,181.15078015719962,25.12750282865045,0.527614670715989,174.33555495184558,2.9125825165033006
126,0.0,1847.5212339799,1030.3869197042998,1784.5012449288686,1018.6379207575485,141.37120361124016,22.366516186717718,1.1807684283173558,158.35942986709193,3.5503100620124024
127,0.0,1208.1158456724809,832.5413748781989,1071.9667234694641,809.8816561109627,254.76583573989205,46.6431213957743,5.475811399243173,256.19051444853426,36.8497699539908
128,0.0,290.70833713304205,1700.8060020212276,198.4994768981423,1681.183508311777,180.61590063254073,40.12044440138675,0.315818430739754,188.09788452001413,6.3558711742348475
129,0.0,1054.5855041671223,1419.500397117177,947.883422374155,1397.629783538488,208.29851812951495,40.38242357504146,-1.0296767264982198,190.68760051198151,25.181036207241448
130,0.0,1622.242545616668,1249.8658003078654,1531.9319824959755,1229.765398236783,179.61962114912058,40.699127221329945,1.0170915045308848,178.75841808849157,8.065613122624525
131,0.0,1547.2913787242394,1134.760108142423,1474.2053502087397,1119.7428534721441,147.4150472424426,29.187647987075025,0.5060238823374621,149.11735589003897,14.237247449489898
132,0.0,323.8694338302776,447.11209752365386,245.43988867741456,424.78861096258254,153.57023788562668,44.2319186366384,0.6519958673456178,176.16970409458395,30.683736747349467
133,0.0,1103.7026041260253,1444.8293777564836,1007.3514570161965,1420.6178955474504,192.0758372832488,48.620572011202285,0.2722773222109088,187.56409980450232,6.810962192438487
134,0.0,989.139816752453,462.88410527206025,915.0464119267822,447.85799352949203,148.18349245515947,29.058690465819552,1.044748253894368,147.7755962641453,1.5123024604920983
135,0.0,646.4636123896997,934.7809713761661,539.53423647689,901.6075947748668,212.16757028074073,65.1416356183662,-0.45007314721963665,217.6696981947904,28.287257451490298
136,0.0,930.0067717992403,1419.4612097998368,827.0382042282861,1399.2935634478267,202.29924743057836,40.96297575962376,0.1603808150921707,184.104537819265,11.474294858971794
137,0.0,1225.1493543821732,851.3881075762398,1155.6494540098033,821.0126436685243,179.48030667202238,55.11741153328762,5.686527194771785,209.6116667914621,1.0186037207441487
138,0.0,824.7120812055124,1375.3821285372092,728.804873544023,1363.3463761005942,186.21689406954317,24.407193147403405,0.5040666349279096,177.25812167858354,3.482096419283857
